dt,x,y,position,velocity,acceleration,jerk,heading
1.000000,2.715967,116.726541,4.000000,8.000000,8.000000,8.000000,6.187541
1.000000,9.612506,114.766556,11.169643,7.169643,-0.830357,-8.830357,5.789053
1.000000,18.381622,105.066488,24.245909,13.076266,5.906623,6.736980,5.226713
1.000000,27.719062,84.250516,47.060213,22.814304,9.738038,3.831415,5.128860
1.000000,44.305506,60.075065,76.378510,29.318298,6.503994,-3.234044,5.595321
1.000000,62.626487,55.739499,95.205499,18.826988,-10.491309,-16.995303,5.164239
1.000000,66.748378,35.815830,115.551077,20.345579,1.518590,12.009900,4.861936
1.000000,69.794740,12.427119,139.137347,23.586270,3.240691,1.722101,4.827620
1.000000,72.330179,-11.251184,162.951008,23.813661,0.227391,-3.013300,4.812077
1.000000,74.589863,-35.033340,186.840276,23.889269,0.075608,-0.151784,4.802845
1.000000,76.672646,-58.867704,210.765469,23.925193,0.035924,-0.039683,4.796627
1.000000,78.631076,-82.733695,234.711680,23.946211,0.021018,-0.014907,4.792125
1.000000,80.496970,-106.620155,258.670906,23.959226,0.013016,-0.008002,4.788714
1.000000,82.291429,-130.520753,282.638773,23.967868,0.008642,-0.004374,4.786047
1.000000,84.029432,-154.432657,306.613756,23.974983,0.007115,-0.001526,4.783920
1.000000,85.721931,-178.352002,330.592906,23.979150,0.004167,-0.002948,4.782199
1.000000,87.377531,-202.278285,354.576401,23.983495,0.004345,0.000178,4.780798
1.000000,89.002944,-226.209174,378.562427,23.986026,0.002531,-0.001814,4.779653
1.000000,90.603805,-250.144761,402.551488,23.989061,0.003035,0.000504,4.778723
1.000000,92.184764,-274.083746,426.542620,23.991132,0.002071,-0.000964,4.777974
1.000000,93.749872,-298.025572,450.535549,23.992929,0.001796,-0.000275,4.777385
1.000000,95.302720,-321.969939,474.530216,23.994667,0.001738,-0.000058,4.776939
1.000000,96.846562,-345.916558,498.526549,23.996334,0.001667,-0.000071,4.776622
1.000000,98.384400,-369.864985,522.524301,23.997751,0.001418,-0.000249,4.776429
1.000000,99.919099,-393.815013,546.523449,23.999149,0.001397,-0.000020,4.776352
1.000000,101.453446,-417.766437,570.523969,24.000519,0.001371,-0.000027,4.776392
1.000000,102.990226,-441.719192,594.525973,24.002004,0.001484,0.000113,4.776548
1.000000,104.532267,-465.672982,618.529347,24.003374,0.001370,-0.000114,4.776825
1.000000,106.082536,-489.627661,642.534136,24.004790,0.001416,0.000045,4.777229
1.000000,107.644239,-513.583486,666.540813,24.006676,0.001887,0.000471,4.777771
1.000000,109.220849,-537.540080,690.549230,24.008417,0.001740,-0.000146,4.778467
1.000000,110.816284,-561.497324,714.559539,24.010309,0.001893,0.000152,4.779336
1.000000,112.435119,-585.456010,738.572853,24.013314,0.003004,0.001112,4.780409
1.000000,114.082612,-609.415055,762.588474,24.015621,0.002308,-0.000696,4.781723
1.000000,115.765294,-633.375530,786.607962,24.019488,0.003867,0.001559,4.783334
1.000000,117.491217,-657.337508,810.632017,24.024055,0.004567,0.000700,4.785321
1.000000,119.270763,-681.301319,834.661811,24.029794,0.005740,0.001173,4.787798
1.000000,121.117868,-705.268204,858.699768,24.037957,0.008162,0.002423,4.790945
1.000000,123.051974,-729.238953,882.748418,24.048650,0.010694,0.002531,4.795050
1.000000,125.102358,-753.219085,906.816048,24.067629,0.018979,0.008285,4.800627
1.000000,127.315970,-777.213221,930.912077,24.096030,0.028400,0.009422,4.808687
1.000000,129.779995,-801.242820,955.067678,24.155601,0.059571,0.031171,4.821612
1.000000,132.694971,-825.371683,979.371980,24.304303,0.148702,0.089131,4.847043
1.000000,136.903591,-850.144882,1004.500129,25.128149,0.823847,0.675145,4.941672
1.000000,168.667685,-845.775092,1036.563391,32.063261,6.935112,6.111266,1.417705
1.000000,171.354364,-821.064201,1061.419907,24.856516,-7.206745,-14.141857,1.489515
1.000000,173.012979,-796.845515,1085.695322,24.275415,-0.581101,6.625643,1.512473
1.000000,174.260230,-772.730058,1109.843011,24.147689,-0.127726,0.453375,1.524750
1.000000,175.268107,-748.656006,1133.938151,24.095141,-0.052548,0.075178,1.532664
1.000000,176.114424,-724.604970,1158.004073,24.065922,-0.029219,0.023330,1.538298
1.000000,176.842443,-700.564879,1182.055185,24.051112,-0.014810,0.014409,1.542567
1.000000,177.478990,-676.531933,1206.096559,24.041374,-0.009738,0.005072,1.545943
1.000000,178.042063,-652.506346,1230.128743,24.032184,-0.009190,0.000548,1.548698
1.000000,178.544570,-628.483713,1254.156632,24.027889,-0.004296,0.004894,1.551000
1.000000,178.995979,-604.464829,1278.179758,24.023126,-0.004763,-0.000467,1.552960
1.000000,179.403580,-580.448128,1302.199917,24.020159,-0.002967,0.001796,1.554654
1.000000,179.773091,-556.432398,1326.218490,24.018573,-0.001586,0.001381,1.556137
1.000000,180.109053,-532.419970,1350.233268,24.014778,-0.003795,-0.002208,1.557449
1.000000,180.415243,-508.407795,1374.247395,24.014126,-0.000652,0.003143,1.558621
1.000000,180.694764,-484.394821,1398.261996,24.014601,0.000475,0.001127,1.559674
1.000000,180.950151,-460.386957,1422.271218,24.009222,-0.005379,-0.005854,1.560629
1.000000,181.183687,-436.377378,1446.281933,24.010714,0.001492,0.006872,1.561498
1.000000,181.397235,-412.368780,1470.291481,24.009548,-0.001166,-0.002659,1.562294
1.000000,181.592436,-388.361203,1494.299851,24.008370,-0.001178,-0.000012,1.563027
1.000000,181.770733,-364.352586,1518.309130,24.009279,0.000909,0.002088,1.563704
1.000000,181.933355,-340.346541,1542.315725,24.006595,-0.002684,-0.003593,1.564332
1.000000,182.081447,-316.337736,1566.324988,24.009262,0.002667,0.005351,1.564917
1.000000,182.215951,-292.333386,1590.329715,24.004727,-0.004535,-0.007202,1.565463
1.000000,182.337780,-268.328037,1614.335373,24.005658,0.000931,0.005466,1.565974
1.000000,182.447721,-244.322420,1638.341241,24.005868,0.000210,-0.000721,1.566454
1.000000,182.546487,-220.316289,1662.347575,24.006334,0.000466,0.000256,1.566906
1.000000,182.634717,-196.311071,1686.352956,24.005380,-0.000954,-0.001419,1.567332
1.000000,182.712996,-172.308156,1710.355998,24.003043,-0.002338,-0.001384,1.567735
1.000000,182.781875,-148.301817,1734.362436,24.006438,0.003395,0.005733,1.568116
1.000000,182.841824,-124.299454,1758.364874,24.002438,-0.004000,-0.007396,1.568478
1.000000,182.893310,-100.293141,1782.371242,24.006368,0.003931,0.007931,1.568822
1.000000,182.936732,-76.290792,1806.373630,24.002388,-0.003980,-0.007910,1.569150
1.000000,182.972479,-52.287896,1830.376553,24.002922,0.000534,0.004514,1.569462
1.000000,183.000904,-28.284239,1854.380227,24.003674,0.000752,0.000218,1.569760
1.000000,183.022332,-4.280577,1878.383899,24.003672,-0.000002,-0.000754,1.570045
1.000000,183.037067,19.722713,1902.387193,24.003295,-0.000377,-0.000375,1.570318
1.000000,183.044805,41.177699,1923.842181,21.454987,-2.548307,-2.547930,1.570552
1.000000,183.047266,56.082495,1938.746977,14.904796,-6.550191,-4.001883,1.570710
1.000000,183.047617,62.987492,1945.651974,6.904997,-7.999799,-1.449608,1.570781
1.000000,183.047628,64.441673,1947.106155,1.454181,-5.450816,2.548983,1.570796
1.000000,183.047628,64.441673,1947.106155,0.000000,-1.454181,3.996635,1.570796
